# omega_m omega_b sigma_8 h ns 
1.439428956969174001e-01 2.210862418599076826e-02 8.621736684233116677e-01 5.221575767626839282e-01 8.630451333647635170e-01
1.009955373318929123e-01 2.235163425721930011e-02 7.485074216368837741e-01 8.387723150860528776e-01 9.746839962609178398e-01
1.375943595926567009e-01 2.194006954324369957e-02 6.231147652916209090e-01 7.437436783340328761e-01 9.556779460882419697e-01
1.586937567323596920e-01 2.218735193944770118e-02 8.614324352534983298e-01 6.199146640250383644e-01 8.930344033849713092e-01
1.264825172252843077e-01 2.168307535922204404e-02 8.084050333268310018e-01 6.669112518017297209e-01 9.906064911962562114e-01
1.118831377652786119e-01 2.368936668355136471e-02 8.012303707014278853e-01 5.526059766802577933e-01 9.440551196775526233e-01
8.171572759943451780e-02 2.253059098544232114e-02 8.684836042208560203e-01 8.972092554714495849e-01 1.007689216707318369e+00
1.138366306937757255e-01 2.233842360795901261e-02 6.117436102536930598e-01 5.812381302354866497e-01 8.770965034804365512e-01
1.204554331629123648e-01 2.366255510667027856e-02 7.063521078574122036e-01 8.927611663942962572e-01 9.480782197791594035e-01
1.018060860010004676e-01 2.226775760303042334e-02 9.356737962171168821e-01 5.296186217546851038e-01 1.023188030968237072e+00
8.665519837628875288e-02 2.221041125219122211e-02 9.563733652307966349e-01 8.572956242128952908e-01 9.704555646812678127e-01
1.172694351108367061e-01 2.377422541620315133e-02 8.878854878664217409e-01 5.721775380184703774e-01 8.874746519668462730e-01
8.515833237522131560e-02 2.245152643280223098e-02 9.680569381463212109e-01 7.508091079871728191e-01 9.426623669238304304e-01
1.489140168351202331e-01 2.322124207561866716e-02 9.624882491474573420e-01 7.753860024680339080e-01 1.003971176994352454e+00
9.336051678486347039e-02 2.280402267502598668e-02 9.733343342882215810e-01 8.851092828052378181e-01 9.833463532479969071e-01
1.549163679176303599e-01 2.176729841282174643e-02 7.907085965628870561e-01 7.409232204802180810e-01 9.201226219704350395e-01
1.222817073304958424e-01 2.331717390419858760e-02 9.224201702621122045e-01 7.710607348454221466e-01 8.740142457950180743e-01
1.211370675237924133e-01 2.125720699244780174e-02 7.452086681878189456e-01 6.458763086966543554e-01 9.561442428216896383e-01
9.544802698178450617e-02 2.148016271035037630e-02 7.162759522787098820e-01 7.620391949115230545e-01 9.240865362204073730e-01
1.623691241929262619e-01 2.241337232117441083e-02 7.138113982813898417e-01 8.903382651473170650e-01 9.322093968125756414e-01
1.697785862898610332e-01 2.390338233010412539e-02 7.091915254787837242e-01 8.178080527787419118e-01 9.146796585729628504e-01
1.428999687487216286e-01 2.101329814008502661e-02 8.467125531871149136e-01 8.669188129458023084e-01 9.970673901438961151e-01
1.630818616992678050e-01 2.134808480860694163e-02 8.354862066015281696e-01 7.264021980034063297e-01 1.043822202954076017e+00
9.281190604328971860e-02 2.267914463775326864e-02 8.030490462892143633e-01 8.248286296383311456e-01 9.720232789856528832e-01
1.294423409988966767e-01 2.298145240250225665e-02 8.312975899469502439e-01 6.801221748030041869e-01 1.014736650122249229e+00
1.343625102953606709e-01 2.187167086621853024e-02 6.123926417637717279e-01 5.927273901718492777e-01 9.719798935771254422e-01
1.691761752041119615e-01 2.119237496846293131e-02 6.818935438602012900e-01 7.391337475078301189e-01 8.670074764874846629e-01
9.965106612192119184e-02 2.195916769921806705e-02 9.974627257918181611e-01 8.007612820799030473e-01 8.568270325880446014e-01
1.137460101343970992e-01 2.399555231190356880e-02 6.759565585676913235e-01 6.075385419520847874e-01 1.016221349157170994e+00
1.419507254784185823e-01 2.268174513969571301e-02 8.987388524256703093e-01 5.053875833009402463e-01 8.793616739464787946e-01
1.300271050293821395e-01 2.354514285433174925e-02 6.077385580715530811e-01 6.479240014036563577e-01 8.661382793802935298e-01
1.241914012003749596e-01 2.263938883986856346e-02 7.190350889364329756e-01 6.560413132514352208e-01 8.861704621707483520e-01
1.465999617109457198e-01 2.224523317061556302e-02 9.134110454882489183e-01 8.793605826783628121e-01 8.827545764125472871e-01
1.574111578480392182e-01 2.377846914199477704e-02 6.623120559570678800e-01 5.441419531075055716e-01 9.619140534091169537e-01
9.789236320418358284e-02 2.182230771841545125e-02 8.131431014810611702e-01 5.152704520069795180e-01 8.942381749687291492e-01
1.228552960737160915e-01 2.116493488199376605e-02 9.293926506618164218e-01 7.197447053377140636e-01 1.045360686413151274e+00
1.431887658942407604e-01 2.243780573238274983e-02 8.757648929696102424e-01 6.860124312765170096e-01 9.129198336272017489e-01
9.661938888994076047e-02 2.213567219692503737e-02 7.655070234556868858e-01 6.754174283276097590e-01 9.332806892510144836e-01
8.078737055069605544e-02 2.308299288463349155e-02 7.390967768037501884e-01 8.228435278701690114e-01 9.946395261323639492e-01
1.607082553362374489e-01 2.285516407124371305e-02 9.362285452504719441e-01 5.245398852273779333e-01 9.628209298432294228e-01
9.381622345880627489e-02 2.136460077323871359e-02 6.760193942504939546e-01 8.202929447467554036e-01 9.119377171597963239e-01
1.640746638044650041e-01 2.120020854356154810e-02 9.031643967144022955e-01 8.740669708943562544e-01 9.865132298034864355e-01
1.125039353542479220e-01 2.222383155036266114e-02 6.943731509714603511e-01 5.583548979125607659e-01 8.737076426510621552e-01
9.155398042832854633e-02 2.347464117527931632e-02 8.642966763658310736e-01 7.775064308585548645e-01 9.268997600845421125e-01
1.398337070394838066e-01 2.371270205606462039e-02 6.285614368146569264e-01 7.795900040569448963e-01 8.582004640333678047e-01
1.660051626984355433e-01 2.238245142740703450e-02 6.181250677057867904e-01 7.721616895922316370e-01 1.048104266330449175e+00
1.531455102960344594e-01 2.302115355394403901e-02 9.148134336082305307e-01 8.514871132924064501e-01 9.526724782366581268e-01
1.150836447869484913e-01 2.106232540086436233e-02 9.923416683398066374e-01 7.554244130875393815e-01 1.049902763713992160e+00
1.444723771046010075e-01 2.367505112897395902e-02 7.962817624232996216e-01 6.708790647635438642e-01 9.402364554023834309e-01
9.259349040225230143e-02 2.147722942275563651e-02 7.630777471027055947e-01 8.998384580733245208e-01 9.453548611324538165e-01
1.296843303899284650e-01 2.211743307159212690e-02 6.081221270841181692e-01 7.667199308250258749e-01 9.046992117989576254e-01
1.247014134500814275e-01 2.200130201272590749e-02 9.589429716949815496e-01 7.345639547670493874e-01 1.008502504745863337e+00
8.748788354808251233e-02 2.165798576951052240e-02 6.910811663414618833e-01 7.166894902254714594e-01 9.392428359522457804e-01
1.676424683518186465e-01 2.250481661339157058e-02 8.388605459470270809e-01 6.506281914847096282e-01 9.309544166798262577e-01
1.558527316284798181e-01 2.191953576947326329e-02 8.949553451280150007e-01 6.632757796117322302e-01 8.848885997399903447e-01
8.269554463072421868e-02 2.229882388340382812e-02 7.343415797575837400e-01 8.267264871225312728e-01 1.002371774412278871e+00
1.269051789156918630e-01 2.159879175035420845e-02 9.823323431992034838e-01 6.930743419195397603e-01 9.053531027887294913e-01
9.898454942970577597e-02 2.386957952327236829e-02 6.846233004286548240e-01 5.782265259563106330e-01 9.340829907520435960e-01
1.496151856557923487e-01 2.160696964296796724e-02 7.942229529689692757e-01 8.864599229385841106e-01 9.952720943777758622e-01
1.024289200105847064e-01 2.278019202637884474e-02 7.701338104396728834e-01 6.358574085545118937e-01 1.005245717017365870e+00
1.328408221023976710e-01 2.133721699888341608e-02 9.454204505344083742e-01 6.173029170483610439e-01 9.605163146717078382e-01
1.384701149767946504e-01 2.320100465499299811e-02 9.119750284277147179e-01 6.586749067811945579e-01 8.916254753708326986e-01
1.555426257195002271e-01 2.338981174984318401e-02 9.264383975219742107e-01 8.838886852126435212e-01 9.415005409020472671e-01
1.455839058758627846e-01 2.169324545574400145e-02 7.803652026232973382e-01 8.727654408082956561e-01 9.250624732496204317e-01
1.618016248668258661e-01 2.388723280524024384e-02 8.363413081011175088e-01 5.169905825049063708e-01 1.004192828454700814e+00
1.308889173540231654e-01 2.228955404545455293e-02 8.331557291418445477e-01 5.000003202148695092e-01 9.101111729906017356e-01
1.451954513222599719e-01 2.251615415373771356e-02 6.871049339043688864e-01 8.445281868109791867e-01 9.805816350354153998e-01
1.561649413781489582e-01 2.128323720560652138e-02 8.204926260964453544e-01 8.645439243026865617e-01 1.044410018593758815e+00
1.367458296376844740e-01 2.103225416912642837e-02 6.490021687397903305e-01 5.219887861089796965e-01 1.041131417857050101e+00
1.099023051140690932e-01 2.289140882272861985e-02 8.595180724133737460e-01 5.699351628140775228e-01 8.764912113909562041e-01
9.604779039261766849e-02 2.179157776152688269e-02 8.511619996416409650e-01 8.585564953260258481e-01 9.151538073003953055e-01
8.570658186186190519e-02 2.317347365060630146e-02 7.030081561619373476e-01 6.821697850367898219e-01 1.010922901943901664e+00
1.012309504776085084e-01 2.128742094261552864e-02 7.576851096119674445e-01 5.600622614610615280e-01 9.220848813715212255e-01
1.079425161162259339e-01 2.265709336879909164e-02 9.502160834666397715e-01 6.108742426594020447e-01 1.029609826009299178e+00
1.605240332257502067e-01 2.348157757037692278e-02 8.551952394368517174e-01 6.334826108090584329e-01 8.617102969063537010e-01
9.092674495490726816e-02 2.303727830670698057e-02 6.248110829754367490e-01 7.105840778069238972e-01 1.026940355996538212e+00
9.677109564700077382e-02 2.197449664505518249e-02 8.427328725651124230e-01 6.682872436543870753e-01 9.211320245662932837e-01
8.468137793163305060e-02 2.294677797289015192e-02 8.772564118461709803e-01 7.806130813442371252e-01 9.877594729701781873e-01
1.391220040951319237e-01 2.131457491843468527e-02 6.433329956301170327e-01 7.061809446837135074e-01 9.179858953288713153e-01
9.999723887507040720e-02 2.363544727425364797e-02 9.840132358902045073e-01 7.481013038066036680e-01 8.528142058617577126e-01
1.257021623976723457e-01 2.286852133417306698e-02 8.737842718419970289e-01 6.364533289326530507e-01 9.694387173461366247e-01
1.361256000044647196e-01 2.258393747668088758e-02 6.356978457736706112e-01 5.501711139582623478e-01 8.514812327308612927e-01
8.987711305503358339e-02 2.392107884515515953e-02 7.271341766605605716e-01 7.824609642866929837e-01 8.789474042137923604e-01
1.648512065883031286e-01 2.139403530429508093e-02 8.412977929061197235e-01 7.958232628744723591e-01 1.028085131378652095e+00
1.121224475700045436e-01 2.341978765929999748e-02 6.300780223282255177e-01 7.649190605902207452e-01 9.581485417712908292e-01
9.482022959035205090e-02 2.214610445062731303e-02 9.252510119598162941e-01 7.597016197928463388e-01 9.673746282278925523e-01
1.346424523420204356e-01 2.315114584749718152e-02 6.521226898941328010e-01 6.730278098152230326e-01 1.022712379730670529e+00
1.236134053157159629e-01 2.270140551273418586e-02 6.008210930339366040e-01 5.384237491933691055e-01 1.006224143491393885e+00
1.538849605822860678e-01 2.304126413933978157e-02 8.968658340740514046e-01 8.072971427999025007e-01 9.073327184960929825e-01
1.104988605975300436e-01 2.204931927927501062e-02 6.169280157255921937e-01 7.459941916435185449e-01 1.019163701463262850e+00
1.077686231967097535e-01 2.374874445122232211e-02 6.200249338432561874e-01 8.360279935365388937e-01 8.647388042155789156e-01
9.814359094775919334e-02 2.117480840254112873e-02 7.760579887010263800e-01 6.403859584122479909e-01 8.608969407970945564e-01
1.598789636455912877e-01 2.153454643938794780e-02 8.195362141430272418e-01 5.906719690723754024e-01 9.233189441086512295e-01
1.067478596991248002e-01 2.299948489173896451e-02 7.692296013910963071e-01 5.674167375830864168e-01 1.020060869775503143e+00
9.027796700361981341e-02 2.350281708704390210e-02 7.758955384921087939e-01 5.895564229907821474e-01 9.632322579496283010e-01
1.050822570224275165e-01 2.255180952576467043e-02 9.893855968936378087e-01 5.077334166416197503e-01 9.015998009926433632e-01
9.193462379250529060e-02 2.206302636351889154e-02 6.154000468249845035e-01 7.879495621171963560e-01 8.852967721825286684e-01
8.367892239051820391e-02 2.180836104074155429e-02 9.018209915957067224e-01 8.957287387747252527e-01 9.810515581170192734e-01
1.657978571444081450e-01 2.143905216639498817e-02 7.256228388039893673e-01 7.923755065205158044e-01 9.186695150850224811e-01
1.365264728599366872e-01 2.397375742873263105e-02 9.754084332165168236e-01 5.302967509904552568e-01 1.034397705871601181e+00
1.027231413902836288e-01 2.188593364462475613e-02 6.337471339025014805e-01 7.994676350051841407e-01 1.024597144639033619e+00
1.573021796484418422e-01 2.162661051296468559e-02 8.487554774321707241e-01 8.805346526283310826e-01 1.027137801466834199e+00
1.402274238916086102e-01 2.112247735051252934e-02 8.788236044888459997e-01 6.249654072207028177e-01 9.510185808273576846e-01
1.436229335389890838e-01 2.324792217053298776e-02 6.938062158667616108e-01 8.192676033813712788e-01 1.047043369477604680e+00
1.177337773852016600e-01 2.146343259132919151e-02 6.599046863114799155e-01 7.373024832139841722e-01 9.003883064571880368e-01
1.095093005359938504e-01 2.259084124006347297e-02 7.540816729108917871e-01 8.630833336060254046e-01 1.012009634143487435e+00
1.525336593975714916e-01 2.288967400189722418e-02 9.954668484881287194e-01 6.264410564276257087e-01 9.354331094863648222e-01
1.320633657785079129e-01 2.110227525127465753e-02 6.608185870841687404e-01 5.849117109128960657e-01 8.756886026522304745e-01
8.843962497445646831e-02 2.232627804343770284e-02 8.053197088485345434e-01 7.031825341366489956e-01 9.385535651584553385e-01
1.316280396039183065e-01 2.105729422739287260e-02 7.606603353768827125e-01 7.154299738154648036e-01 1.001726201170791031e+00
1.476321384821946414e-01 2.283306377533134146e-02 9.708508223627535516e-01 8.156114985851234955e-01 8.715567108074011582e-01
1.410071165738677468e-01 2.345413078388561279e-02 8.536090513143608227e-01 7.243823770440237508e-01 9.502749763138974570e-01
9.402950207849981867e-02 2.297924141810618950e-02 6.718721169916156422e-01 8.615903943728620007e-01 1.030491899756462937e+00
1.274713401606262786e-01 2.231996437818867945e-02 7.873427174285611008e-01 7.328601773946699094e-01 1.009401658237487620e+00
1.537664071424696410e-01 2.373140255972138596e-02 6.515223359914353862e-01 8.485818740581436703e-01 1.017804097623245196e+00
8.337178122577196260e-02 2.263391134853338926e-02 9.167597557479515435e-01 5.435204994216117358e-01 1.013821289086493715e+00
1.590870373368154511e-01 2.257342246760001350e-02 9.476285553801423456e-01 6.482888263483422842e-01 9.293683604129173714e-01
1.652689945475341315e-01 2.282624734254061136e-02 6.377486962462822762e-01 8.026195024142845913e-01 9.933734555823110490e-01
1.620741583520031170e-01 2.260534332210065514e-02 9.495519887292674932e-01 5.639907859699810899e-01 9.965542832899547676e-01
8.897939316516512154e-02 2.383344495307222408e-02 9.432868999657955111e-01 8.055747228883949340e-01 1.038385276751746078e+00
1.543368735760456967e-01 2.326714355033992002e-02 9.403746351052337804e-01 6.908142725748218638e-01 9.541519476095102759e-01
8.109834130837416388e-02 2.275705666436470681e-02 7.980424771565913789e-01 5.958761034310009475e-01 9.363002226436187847e-01
1.406316471930649514e-01 2.237902464625074819e-02 8.715944152206691609e-01 8.432253752989822271e-01 1.025894676154826435e+00
1.055705671685598507e-01 2.384553379125859546e-02 9.520892363726805030e-01 6.421531150589127046e-01 8.983167200501417371e-01
1.254260281273856248e-01 2.314080451522301796e-02 8.449791213562832803e-01 5.570029784178359700e-01 9.577158233168604484e-01
1.689343026838032724e-01 2.380530422387130279e-02 7.297533646967047094e-01 5.095644571112716292e-01 8.923206413482829280e-01
8.588738269807784376e-02 2.215660380004286917e-02 9.653296141691376508e-01 8.287794483096395659e-01 9.196450031204943532e-01
8.677311270807673560e-02 2.290647730174114396e-02 9.545006672540977677e-01 8.410375007601291752e-01 8.543794774236785905e-01
1.198478704049232568e-01 2.329893668299289761e-02 9.069128729267443845e-01 6.296473987351115520e-01 1.033750486203634189e+00
1.146470704817083575e-01 2.101846554806394846e-02 6.683703477470707144e-01 6.316664445812302242e-01 9.022590052936478866e-01
1.260511916163352952e-01 2.332549376790708784e-02 8.844449197876875779e-01 7.233089918020592091e-01 9.371953556465214552e-01
1.215128900729396111e-01 2.185918462582030902e-02 7.209467100046798027e-01 5.547106776829564545e-01 9.137515510950315889e-01
1.522688850802222660e-01 2.174174836653752774e-02 7.141532009668789538e-01 8.545064050649788800e-01 9.284866615565837700e-01
1.484453078911480983e-01 2.393458940241311242e-02 6.468652224359022762e-01 7.858723671694597401e-01 8.817445606678050440e-01
1.500743524767516046e-01 2.312149698288354718e-02 8.140868488602954756e-01 8.327905443906710170e-01 1.042579606982397600e+00
1.504859154124791598e-01 2.218372644717053407e-02 7.417401028765585602e-01 6.039740970383276064e-01 8.690950384576777710e-01
1.511028551626550642e-01 2.338028321014159680e-02 7.739452804316632184e-01 8.129688079999195516e-01 9.921205356794078334e-01
1.088819554533024536e-01 2.394237174146698205e-02 6.020649211943626122e-01 5.773681046284004914e-01 8.599679663765259496e-01
1.278584985524671980e-01 2.114508173979836800e-02 7.827533476832572168e-01 5.828090769475190447e-01 9.477511716083919513e-01
1.160778432377003594e-01 2.110664149310875759e-02 6.406079781006029927e-01 7.130049029190905774e-01 9.779020373425859614e-01
1.040777894293045680e-01 2.247280890890214489e-02 8.915029373671803370e-01 6.212608969456399066e-01 8.839786466604279136e-01
1.580286068468066407e-01 2.271038522473091056e-02 7.439230016451569005e-01 8.306213226389050908e-01 9.796993543721165265e-01
1.612045428000336011e-01 2.185022904153640852e-02 9.999462041099838050e-01 7.683670393166062151e-01 8.959508656346619748e-01
9.753964476097473635e-02 2.157653050059948202e-02 7.225680351391972067e-01 5.467040174111622575e-01 9.992661101932648338e-01
1.166580424302663122e-01 2.305966941221011118e-02 8.243422838907454864e-01 5.134964976386149349e-01 8.964753826612912313e-01
1.422607958107352244e-01 2.386405831765264773e-02 6.665091100957382109e-01 7.212327645675034038e-01 1.037863410186778967e+00
1.207412768606682951e-01 2.318706559338509776e-02 7.782759425067928838e-01 6.235234909958679017e-01 9.162591159168363975e-01
1.678043840197805392e-01 2.361399553668348458e-02 6.444586423155710397e-01 5.978552155880844099e-01 9.766972307105157292e-01
1.386829811753093611e-01 2.166033700926196792e-02 8.296950342710135429e-01 5.866534716974770580e-01 9.648465740810983071e-01
1.335022084698719858e-01 2.364314814020216510e-02 8.073889118388527519e-01 5.359792556383183859e-01 1.021502980740324862e+00
1.472911676100486233e-01 2.240827601229872235e-02 7.592681701581874831e-01 6.997204851456424457e-01 9.658653265985281955e-01
1.460926673773948470e-01 2.190122225543786327e-02 9.203115692246479629e-01 6.124849999617308915e-01 8.890485365951843466e-01
1.684764117481147017e-01 2.358689474129343003e-02 8.569844226950074084e-01 8.691457259615961162e-01 9.889209386887027886e-01
1.237005239719410066e-01 2.202579626585176101e-02 8.932359287638544920e-01 5.113605927530607831e-01 9.910341023293536278e-01
9.056729781091983622e-02 2.309218245906115990e-02 6.549486005409249634e-01 6.650125117937596420e-01 8.883037316555433272e-01
8.314524905334989835e-02 2.209303618554064180e-02 7.370356615323006011e-01 7.082935907791312324e-01 1.011243438771130432e+00
8.778616332683511492e-02 2.326419751582578868e-02 9.094764317829403533e-01 5.276465714311131538e-01 9.845458713530956807e-01
1.070347506670556170e-01 2.295016435780632483e-02 8.273575212034344206e-01 6.540565528944087825e-01 1.036444618804686968e+00
1.380465389847495006e-01 2.198929132529467423e-02 9.872320805152634549e-01 8.775827268606828380e-01 1.031115999039348363e+00
1.158560461663975805e-01 2.351994967562630323e-02 7.521666375508007096e-01 7.059547261901988335e-01 8.577989352113039034e-01
1.183136000319918862e-01 2.156723773735157862e-02 9.604339694537052941e-01 8.114617326626574201e-01 1.015610370686898412e+00
1.192533279101788135e-01 2.223794535844962270e-02 7.676745271709136675e-01 8.892111977300962700e-01 1.018672300089619620e+00
1.466426553267642374e-01 2.122648502355095265e-02 7.928341137694557839e-01 6.881665694010186130e-01 9.313502986786962312e-01
1.645250600144890774e-01 2.124317635225912368e-02 9.198055158507166817e-01 7.479377050614703926e-01 9.829209617598854143e-01
1.412669687087077519e-01 2.357030583431618878e-02 6.837430446189057820e-01 6.783040823926691498e-01 1.000449265921865116e+00
1.107609322936364687e-01 2.138435229882250377e-02 7.851969105086269440e-01 6.011523622184039573e-01 8.554464455305368364e-01
1.152757407043019933e-01 2.340791624548001909e-02 7.894640300264816890e-01 8.461600843794614413e-01 1.046448439494598093e+00
1.046919757348440949e-01 2.164147662877246789e-02 6.797102227398097440e-01 8.529265411330342328e-01 8.688668574090343544e-01
1.509565676380941190e-01 2.176426783221087694e-02 7.337941350776215899e-01 6.140140090995468425e-01 9.092179991947265671e-01
8.440841117504027658e-02 2.132046891441776934e-02 8.831751047428706425e-01 6.059885342282180787e-01 9.680696458715444264e-01
9.863190028133916876e-02 2.379724577476869177e-02 7.514517628742840571e-01 6.978176976279145682e-01 9.668957614011185475e-01
1.336342714571951695e-01 2.171405195430424137e-02 9.043705881048370587e-01 6.616138534780334757e-01 9.030139075551344430e-01
1.669393920273534171e-01 2.200961710173567412e-02 8.889055701870358650e-01 6.538020934717179156e-01 8.978738561410604113e-01
1.112634130421524814e-01 2.246124157823168460e-02 9.914001520713182636e-01 5.367824253081125985e-01 9.785796180178679693e-01
1.566919496226440445e-01 2.353470934062169492e-02 8.810369790961600778e-01 5.998997494204090231e-01 1.032775901992605272e+00
1.306208125140236875e-01 2.344388513402989593e-02 6.899990032029308384e-01 5.752821396437097778e-01 9.850804116705115243e-01
1.480960839348783864e-01 2.279993211733299247e-02 6.576509944394380858e-01 6.779574382908986063e-01 8.622029670130840762e-01
1.593893937556066787e-01 2.396131848270462508e-02 6.735277880132014561e-01 7.005264978260377084e-01 9.463729786902544960e-01
1.181771362368539968e-01 2.141041486443577904e-02 9.764748397534537272e-01 5.403795219220399737e-01 9.276828532754693990e-01
1.322282941982391991e-01 2.152460835715347409e-02 8.179289795792672457e-01 7.893727623390149883e-01 8.990825605882081240e-01
1.132819190279405613e-01 2.248941514855375828e-02 9.323554983174420219e-01 7.530531182790145550e-01 9.737026930371142086e-01
1.349977381347175209e-01 2.273161430486593179e-02 9.801422045663354954e-01 5.032222192620299239e-01 9.083344698253710270e-01
1.034633131363491554e-01 2.142642503799301393e-02 9.313065232984174546e-01 5.709909109882395084e-01 8.809296640404864487e-01
1.665747813412213896e-01 2.321536668294216926e-02 7.471539593374744159e-01 8.705480585929289417e-01 1.035682677003430641e+00
1.086462144542713476e-01 2.335054601109603015e-02 6.983217989390562153e-01 7.976608378101350816e-01 9.898673417835570643e-01
1.290472583983301447e-01 2.360923675023526153e-02 7.007768805892098385e-01 5.644246590514930828e-01 9.497283505764391176e-01
1.063918905723825470e-01 2.207653682375958562e-02 6.058058344168945064e-01 6.952461558429143818e-01 8.704602373879928301e-01
1.355130720170900083e-01 2.172283340772722740e-02 6.648728884268750861e-01 8.352238266467482131e-01 8.531719716959262900e-01
9.508916065077513413e-02 2.275439320728339307e-02 7.046605955117487552e-01 8.083071184686523303e-01 8.658151754185368087e-01
1.283872178482510229e-01 2.336331639721100917e-02 7.103812638625264242e-01 5.327506918934020730e-01 8.904579500978491158e-01
8.904999497927321150e-02 2.154142043544396423e-02 9.668678126670648965e-01 6.390109513933245333e-01 9.983410476935271616e-01
1.005565959820496347e-01 2.107763506511351956e-02 6.276539813446838645e-01 7.280182161561987719e-01 9.438075211516303575e-01
1.632775913755458996e-01 2.292137357551532820e-02 9.795689726306571199e-01 7.917833728041002717e-01 9.597621374041322984e-01
1.029956922926425072e-01 2.372514837096944759e-02 8.101439284997724588e-01 5.182331453844568614e-01 8.729067416537790169e-01
1.058948607342978798e-01 2.355800328743782798e-02 9.383714908362570384e-01 5.493942444230972555e-01 1.040135352588680506e+00
1.190985815121593377e-01 2.150012009775392058e-02 8.668985439679190996e-01 6.849111825324534220e-01 9.750606997950663768e-01
1.516126961641438009e-01 2.328221239412518392e-02 6.391250754461760275e-01 6.086196045051039949e-01 1.039985926863787213e+00
8.206098722832269599e-02 2.311315837715966978e-02 7.315042396571235228e-01 7.310100481439154585e-01 8.508554217172971113e-01
8.032218393714757321e-02 2.121207391156619895e-02 8.227267407042567759e-01 7.568173970912472903e-01 9.061406034666036335e-01
1.224882412599149900e-01 2.182827516901669762e-02 6.961827787934868894e-01 7.600264106427585542e-01 9.532515648016264276e-01
